(datetime.time(14, 54, 19, 614293), (1075, 628))
(datetime.time(14, 54, 19, 615289), (1075, 628))
(datetime.time(14, 54, 19, 616287), (1075, 628))
(datetime.time(14, 54, 19, 620282), (1075, 628))
(datetime.time(14, 54, 19, 621275), (1075, 628))
(datetime.time(14, 54, 19, 622270), (1076, 628))
(datetime.time(14, 54, 19, 623267), (1076, 628))
(datetime.time(14, 54, 19, 625261), (1076, 628))
(datetime.time(14, 54, 19, 626259), (1076, 628))
(datetime.time(14, 54, 19, 627256), (1076, 628))
(datetime.time(14, 54, 19, 629251), (1076, 628))
(datetime.time(14, 54, 19, 631259), (1077, 628))
(datetime.time(14, 54, 19, 632269), (1077, 627))
(datetime.time(14, 54, 19, 633246), (1077, 627))
(datetime.time(14, 54, 19, 634238), (1077, 627))
(datetime.time(14, 54, 19, 635245), (1077, 627))
(datetime.time(14, 54, 19, 636232), (1077, 627))
(datetime.time(14, 54, 19, 637230), (1078, 626))
(datetime.time(14, 54, 19, 638227), (1078, 626))
(datetime.time(14, 54, 19, 639225), (1078, 626))
(datetime.time(14, 54, 19, 640236), (1078, 626))
(datetime.time(14, 54, 19, 641220), (1078, 625))
(datetime.time(14, 54, 19, 642216), (1079, 625))
(datetime.time(14, 54, 19, 643218), (1079, 625))
(datetime.time(14, 54, 19, 644211), (1079, 625))
(datetime.time(14, 54, 19, 645208), (1079, 625))
(datetime.time(14, 54, 19, 646205), (1079, 624))
(datetime.time(14, 54, 19, 647202), (1079, 624))
(datetime.time(14, 54, 19, 648200), (1080, 624))
(datetime.time(14, 54, 19, 651196), (1080, 623))
(datetime.time(14, 54, 19, 651196), (1080, 623))
(datetime.time(14, 54, 19, 653197), (1081, 623))
(datetime.time(14, 54, 19, 654198), (1081, 623))
(datetime.time(14, 54, 19, 655192), (1081, 622))
(datetime.time(14, 54, 19, 655192), (1081, 622))
(datetime.time(14, 54, 19, 656178), (1081, 621))
(datetime.time(14, 54, 19, 657177), (1082, 621))
(datetime.time(14, 54, 19, 658180), (1082, 621))
(datetime.time(14, 54, 19, 659171), (1082, 620))
(datetime.time(14, 54, 19, 660168), (1083, 620))
(datetime.time(14, 54, 19, 661166), (1083, 620))
(datetime.time(14, 54, 19, 662163), (1083, 619))
(datetime.time(14, 54, 19, 663160), (1083, 619))
(datetime.time(14, 54, 19, 664157), (1083, 618))
(datetime.time(14, 54, 19, 665154), (1084, 618))
(datetime.time(14, 54, 19, 667155), (1084, 617))
(datetime.time(14, 54, 19, 668150), (1084, 616))
(datetime.time(14, 54, 19, 669152), (1085, 616))
(datetime.time(14, 54, 19, 670148), (1085, 616))
(datetime.time(14, 54, 19, 672142), (1085, 615))
(datetime.time(14, 54, 19, 672142), (1086, 614))
(datetime.time(14, 54, 19, 673134), (1086, 613))
(datetime.time(14, 54, 19, 673134), (1087, 613))
(datetime.time(14, 54, 19, 674132), (1087, 612))
(datetime.time(14, 54, 19, 675129), (1088, 611))
(datetime.time(14, 54, 19, 676126), (1088, 611))
(datetime.time(14, 54, 19, 677123), (1088, 610))
(datetime.time(14, 54, 19, 678120), (1089, 609))
(datetime.time(14, 54, 19, 679118), (1089, 608))
(datetime.time(14, 54, 19, 680115), (1089, 608))
(datetime.time(14, 54, 19, 681113), (1090, 607))
(datetime.time(14, 54, 19, 682110), (1090, 606))
(datetime.time(14, 54, 19, 684109), (1090, 606))
(datetime.time(14, 54, 19, 685112), (1091, 605))
(datetime.time(14, 54, 19, 685112), (1091, 604))
(datetime.time(14, 54, 19, 686099), (1091, 603))
(datetime.time(14, 54, 19, 687096), (1092, 602))
(datetime.time(14, 54, 19, 688098), (1092, 601))
(datetime.time(14, 54, 19, 690109), (1092, 600))
(datetime.time(14, 54, 19, 690109), (1093, 599))
(datetime.time(14, 54, 19, 691085), (1093, 599))
(datetime.time(14, 54, 19, 692082), (1093, 598))
(datetime.time(14, 54, 19, 694084), (1094, 597))
(datetime.time(14, 54, 19, 694084), (1094, 596))
(datetime.time(14, 54, 19, 696079), (1094, 595))
(datetime.time(14, 54, 19, 697082), (1094, 595))
(datetime.time(14, 54, 19, 697082), (1095, 593))
(datetime.time(14, 54, 19, 699071), (1095, 593))
(datetime.time(14, 54, 19, 699071), (1096, 592))
(datetime.time(14, 54, 19, 700061), (1096, 591))
(datetime.time(14, 54, 19, 701530), (1096, 590))
(datetime.time(14, 54, 19, 702456), (1096, 589))
(datetime.time(14, 54, 19, 703460), (1097, 588))
(datetime.time(14, 54, 19, 704449), (1097, 587))
(datetime.time(14, 54, 19, 705446), (1097, 586))
(datetime.time(14, 54, 19, 706444), (1097, 585))
(datetime.time(14, 54, 19, 707441), (1098, 585))
(datetime.time(14, 54, 19, 708438), (1098, 584))
(datetime.time(14, 54, 19, 709443), (1098, 582))
(datetime.time(14, 54, 19, 710433), (1098, 582))
(datetime.time(14, 54, 19, 711431), (1099, 580))
(datetime.time(14, 54, 19, 712428), (1099, 580))
(datetime.time(14, 54, 19, 713428), (1099, 579))
(datetime.time(14, 54, 19, 714429), (1099, 578))
(datetime.time(14, 54, 19, 715420), (1099, 577))
(datetime.time(14, 54, 19, 716418), (1100, 575))
(datetime.time(14, 54, 19, 718412), (1100, 574))
(datetime.time(14, 54, 19, 719409), (1100, 573))
(datetime.time(14, 54, 19, 720407), (1101, 572))
(datetime.time(14, 54, 19, 721404), (1101, 571))
(datetime.time(14, 54, 19, 722405), (1101, 570))
(datetime.time(14, 54, 19, 723413), (1101, 569))
(datetime.time(14, 54, 19, 724402), (1101, 568))
(datetime.time(14, 54, 19, 725400), (1102, 568))
(datetime.time(14, 54, 19, 726397), (1102, 567))
(datetime.time(14, 54, 19, 727394), (1102, 565))
(datetime.time(14, 54, 19, 728392), (1102, 565))
(datetime.time(14, 54, 19, 729396), (1102, 564))
(datetime.time(14, 54, 19, 730387), (1103, 563))
(datetime.time(14, 54, 19, 731384), (1103, 562))
(datetime.time(14, 54, 19, 732381), (1103, 562))
(datetime.time(14, 54, 19, 733378), (1103, 560))
(datetime.time(14, 54, 19, 734379), (1104, 560))
(datetime.time(14, 54, 19, 735373), (1104, 560))
(datetime.time(14, 54, 19, 736370), (1104, 558))
(datetime.time(14, 54, 19, 737368), (1104, 558))
(datetime.time(14, 54, 19, 738372), (1104, 557))
(datetime.time(14, 54, 19, 739362), (1105, 556))
(datetime.time(14, 54, 19, 740360), (1105, 555))
(datetime.time(14, 54, 19, 741358), (1105, 555))
(datetime.time(14, 54, 19, 742361), (1106, 554))
(datetime.time(14, 54, 19, 743352), (1106, 553))
(datetime.time(14, 54, 19, 744349), (1106, 553))
(datetime.time(14, 54, 19, 745346), (1106, 552))
(datetime.time(14, 54, 19, 746344), (1107, 551))
(datetime.time(14, 54, 19, 747341), (1107, 551))
(datetime.time(14, 54, 19, 748345), (1107, 550))
(datetime.time(14, 54, 19, 749336), (1108, 550))
(datetime.time(14, 54, 19, 750334), (1108, 549))
(datetime.time(14, 54, 19, 751331), (1108, 548))
(datetime.time(14, 54, 19, 752329), (1108, 548))
(datetime.time(14, 54, 19, 753325), (1108, 547))
(datetime.time(14, 54, 19, 754323), (1108, 547))
(datetime.time(14, 54, 19, 755320), (1109, 547))
(datetime.time(14, 54, 19, 756317), (1109, 546))
(datetime.time(14, 54, 19, 757314), (1109, 546))
(datetime.time(14, 54, 19, 758312), (1109, 545))
(datetime.time(14, 54, 19, 759309), (1110, 545))
(datetime.time(14, 54, 19, 760307), (1110, 544))
(datetime.time(14, 54, 19, 761305), (1110, 544))
(datetime.time(14, 54, 19, 762308), (1110, 544))
(datetime.time(14, 54, 19, 763298), (1111, 543))
(datetime.time(14, 54, 19, 764296), (1111, 543))
(datetime.time(14, 54, 19, 765293), (1111, 543))
(datetime.time(14, 54, 19, 766290), (1111, 542))
(datetime.time(14, 54, 19, 767288), (1111, 542))
(datetime.time(14, 54, 19, 768286), (1111, 541))
(datetime.time(14, 54, 19, 769284), (1111, 541))
(datetime.time(14, 54, 19, 770281), (1112, 541))
(datetime.time(14, 54, 19, 771277), (1112, 541))
(datetime.time(14, 54, 19, 772274), (1112, 540))
(datetime.time(14, 54, 19, 773272), (1112, 540))
(datetime.time(14, 54, 19, 774270), (1112, 539))
(datetime.time(14, 54, 19, 775267), (1113, 539))
(datetime.time(14, 54, 19, 777332), (1113, 539))
(datetime.time(14, 54, 19, 779296), (1113, 539))
(datetime.time(14, 54, 19, 780253), (1113, 538))
(datetime.time(14, 54, 19, 780253), (1113, 538))
(datetime.time(14, 54, 19, 781252), (1113, 538))
(datetime.time(14, 54, 19, 782248), (1113, 538))
(datetime.time(14, 54, 19, 783248), (1113, 537))
(datetime.time(14, 54, 19, 785241), (1113, 537))
(datetime.time(14, 54, 19, 786238), (1114, 537))
(datetime.time(14, 54, 19, 786238), (1114, 537))
(datetime.time(14, 54, 19, 790227), (1114, 537))
(datetime.time(14, 54, 19, 792261), (1114, 536))
(datetime.time(14, 54, 19, 793220), (1114, 536))
(datetime.time(14, 54, 19, 798281), (1114, 536))
(datetime.time(14, 54, 19, 801277), (1115, 536))
(datetime.time(14, 54, 20, 407095), (1115, 536))
(datetime.time(14, 54, 20, 411690), (1115, 536))
(datetime.time(14, 54, 20, 415157), (1115, 536))
(datetime.time(14, 54, 20, 417059), (1114, 536))
(datetime.time(14, 54, 20, 420242), (1114, 536))
(datetime.time(14, 54, 20, 420889), (1114, 536))
(datetime.time(14, 54, 20, 423199), (1114, 536))
(datetime.time(14, 54, 20, 424210), (1113, 536))
(datetime.time(14, 54, 20, 425872), (1113, 536))
(datetime.time(14, 54, 20, 427863), (1113, 536))
(datetime.time(14, 54, 20, 428861), (1112, 536))
(datetime.time(14, 54, 20, 429867), (1112, 536))
(datetime.time(14, 54, 20, 430855), (1112, 536))
(datetime.time(14, 54, 20, 431854), (1112, 536))
(datetime.time(14, 54, 20, 432850), (1111, 536))
(datetime.time(14, 54, 20, 433883), (1111, 536))
(datetime.time(14, 54, 20, 434846), (1111, 536))
(datetime.time(14, 54, 20, 436209), (1110, 536))
(datetime.time(14, 54, 20, 436840), (1110, 536))
(datetime.time(14, 54, 20, 438197), (1110, 536))
(datetime.time(14, 54, 20, 439280), (1109, 536))
(datetime.time(14, 54, 20, 439872), (1109, 536))
(datetime.time(14, 54, 20, 440868), (1108, 536))
(datetime.time(14, 54, 20, 442250), (1108, 537))
(datetime.time(14, 54, 20, 442865), (1108, 537))
(datetime.time(14, 54, 20, 444177), (1107, 537))
(datetime.time(14, 54, 20, 444827), (1106, 538))
(datetime.time(14, 54, 20, 446244), (1106, 538))
(datetime.time(14, 54, 20, 447276), (1105, 538))
(datetime.time(14, 54, 20, 447812), (1105, 538))
(datetime.time(14, 54, 20, 449170), (1104, 539))
(datetime.time(14, 54, 20, 449808), (1103, 539))
(datetime.time(14, 54, 20, 450803), (1103, 539))
(datetime.time(14, 54, 20, 451839), (1102, 539))
(datetime.time(14, 54, 20, 452797), (1102, 540))
(datetime.time(14, 54, 20, 454157), (1101, 540))
(datetime.time(14, 54, 20, 454792), (1100, 540))
(datetime.time(14, 54, 20, 455789), (1100, 541))
(datetime.time(14, 54, 20, 457191), (1099, 541))
(datetime.time(14, 54, 20, 457785), (1099, 541))
(datetime.time(14, 54, 20, 459175), (1098, 541))
(datetime.time(14, 54, 20, 459779), (1097, 542))
(datetime.time(14, 54, 20, 460777), (1097, 542))
(datetime.time(14, 54, 20, 461772), (1096, 542))
(datetime.time(14, 54, 20, 463164), (1095, 543))
(datetime.time(14, 54, 20, 463769), (1094, 543))
(datetime.time(14, 54, 20, 465188), (1094, 544))
(datetime.time(14, 54, 20, 465767), (1093, 544))
(datetime.time(14, 54, 20, 466761), (1092, 544))
(datetime.time(14, 54, 20, 467757), (1091, 545))
(datetime.time(14, 54, 20, 469023), (1090, 545))
(datetime.time(14, 54, 20, 470058), (1090, 545))
(datetime.time(14, 54, 20, 470749), (1090, 545))
(datetime.time(14, 54, 20, 471746), (1089, 546))
(datetime.time(14, 54, 20, 472782), (1088, 546))
(datetime.time(14, 54, 20, 474155), (1086, 547))
(datetime.time(14, 54, 20, 474739), (1086, 547))
(datetime.time(14, 54, 20, 476091), (1085, 548))
(datetime.time(14, 54, 20, 476734), (1084, 548))
(datetime.time(14, 54, 20, 478111), (1084, 548))
(datetime.time(14, 54, 20, 479207), (1083, 548))
(datetime.time(14, 54, 20, 479865), (1082, 549))
(datetime.time(14, 54, 20, 480866), (1082, 550))
(datetime.time(14, 54, 20, 481863), (1081, 550))
(datetime.time(14, 54, 20, 483117), (1081, 550))
(datetime.time(14, 54, 20, 483857), (1079, 551))
(datetime.time(14, 54, 20, 485224), (1078, 551))
(datetime.time(14, 54, 20, 485868), (1078, 551))
(datetime.time(14, 54, 20, 487181), (1077, 552))
(datetime.time(14, 54, 20, 487846), (1076, 552))
(datetime.time(14, 54, 20, 489249), (1076, 552))
(datetime.time(14, 54, 20, 490296), (1075, 553))
(datetime.time(14, 54, 20, 490838), (1074, 553))
(datetime.time(14, 54, 20, 491867), (1073, 554))
(datetime.time(14, 54, 20, 492835), (1072, 554))
(datetime.time(14, 54, 20, 494210), (1071, 555))
(datetime.time(14, 54, 20, 494867), (1070, 555))
(datetime.time(14, 54, 20, 496257), (1069, 556))
(datetime.time(14, 54, 20, 496824), (1069, 556))
(datetime.time(14, 54, 20, 498162), (1068, 557))
(datetime.time(14, 54, 20, 498817), (1067, 557))
(datetime.time(14, 54, 20, 500814), (1066, 558))
(datetime.time(14, 54, 20, 501809), (1065, 558))
(datetime.time(14, 54, 20, 503169), (1063, 559))
(datetime.time(14, 54, 20, 505160), (1062, 559))
(datetime.time(14, 54, 20, 505808), (1061, 560))
(datetime.time(14, 54, 20, 507209), (1060, 560))
(datetime.time(14, 54, 20, 507835), (1060, 561))
(datetime.time(14, 54, 20, 509216), (1059, 561))
(datetime.time(14, 54, 20, 509832), (1057, 562))
(datetime.time(14, 54, 20, 510824), (1057, 562))
(datetime.time(14, 54, 20, 511821), (1056, 562))
(datetime.time(14, 54, 20, 512780), (1056, 563))
(datetime.time(14, 54, 20, 514158), (1055, 563))
(datetime.time(14, 54, 20, 514814), (1055, 563))
(datetime.time(14, 54, 20, 515774), (1054, 564))
(datetime.time(14, 54, 20, 516770), (1053, 564))
(datetime.time(14, 54, 20, 517767), (1053, 564))
(datetime.time(14, 54, 20, 519109), (1053, 565))
(datetime.time(14, 54, 20, 519762), (1052, 565))
(datetime.time(14, 54, 20, 520760), (1052, 565))
(datetime.time(14, 54, 20, 521757), (1051, 565))
(datetime.time(14, 54, 20, 523165), (1051, 566))
(datetime.time(14, 54, 20, 523790), (1050, 566))
(datetime.time(14, 54, 20, 525175), (1049, 566))
(datetime.time(14, 54, 20, 525781), (1049, 567))
(datetime.time(14, 54, 20, 526743), (1049, 567))
(datetime.time(14, 54, 20, 876233), (1049, 567))
(datetime.time(14, 54, 20, 880223), (1049, 567))
(datetime.time(14, 54, 20, 884212), (1049, 567))
(datetime.time(14, 54, 20, 888202), (1049, 567))
(datetime.time(14, 54, 20, 891194), (1049, 567))
(datetime.time(14, 54, 20, 893188), (1049, 567))
(datetime.time(14, 54, 20, 897212), (1049, 566))
(datetime.time(14, 54, 20, 901166), (1049, 566))
(datetime.time(14, 54, 20, 909145), (1049, 566))
(datetime.time(14, 54, 20, 920116), (1048, 566))
(datetime.time(14, 54, 20, 926101), (1048, 565))
(datetime.time(14, 54, 20, 936074), (1048, 565))
(datetime.time(14, 54, 20, 951033), (1048, 565))
(datetime.time(14, 54, 20, 957017), (1048, 565))
(datetime.time(14, 54, 20, 963997), (1048, 564))
(datetime.time(14, 54, 20, 972975), (1048, 564))
(datetime.time(14, 54, 20, 974970), (1048, 564))
(datetime.time(14, 54, 20, 976964), (1048, 564))
(datetime.time(14, 54, 20, 984942), (1048, 563))
(datetime.time(14, 54, 20, 989930), (1048, 563))
(datetime.time(14, 54, 20, 993919), (1047, 563))
(datetime.time(14, 54, 20, 998905), (1047, 563))
(datetime.time(14, 54, 21, 6883), (1047, 563))
(datetime.time(14, 54, 21, 11870), (1047, 562))
(datetime.time(14, 54, 21, 15859), (1047, 562))
(datetime.time(14, 54, 21, 42787), (1047, 562))
(datetime.time(14, 54, 21, 44783), (1047, 562))
(datetime.time(14, 54, 21, 290489), (1046, 562))
(datetime.time(14, 54, 21, 292237), (1046, 562))
(datetime.time(14, 54, 21, 295343), (1046, 562))
(datetime.time(14, 54, 21, 297314), (1045, 562))
(datetime.time(14, 54, 21, 297314), (1045, 562))
(datetime.time(14, 54, 21, 299364), (1045, 562))
(datetime.time(14, 54, 21, 300217), (1045, 562))
(datetime.time(14, 54, 21, 301213), (1044, 562))
(datetime.time(14, 54, 21, 303581), (1044, 562))
(datetime.time(14, 54, 21, 305211), (1044, 562))
(datetime.time(14, 54, 21, 306269), (1043, 561))
(datetime.time(14, 54, 21, 306269), (1043, 561))
(datetime.time(14, 54, 21, 308241), (1043, 561))
(datetime.time(14, 54, 21, 309357), (1042, 561))
(datetime.time(14, 54, 21, 309357), (1042, 561))
(datetime.time(14, 54, 21, 310491), (1041, 561))
(datetime.time(14, 54, 21, 311468), (1041, 561))
(datetime.time(14, 54, 21, 312477), (1041, 561))
(datetime.time(14, 54, 21, 313823), (1040, 561))
(datetime.time(14, 54, 21, 314500), (1040, 560))
(datetime.time(14, 54, 21, 315457), (1040, 560))
(datetime.time(14, 54, 21, 316928), (1040, 560))
(datetime.time(14, 54, 21, 317453), (1039, 560))
(datetime.time(14, 54, 21, 318449), (1038, 560))
(datetime.time(14, 54, 21, 319448), (1038, 560))
(datetime.time(14, 54, 21, 320443), (1038, 559))
(datetime.time(14, 54, 21, 321439), (1037, 559))
(datetime.time(14, 54, 21, 322438), (1037, 559))
(datetime.time(14, 54, 21, 323436), (1037, 559))
(datetime.time(14, 54, 21, 325430), (1036, 559))
(datetime.time(14, 54, 21, 325430), (1035, 558))
(datetime.time(14, 54, 21, 326427), (1035, 558))
(datetime.time(14, 54, 21, 327426), (1034, 558))
(datetime.time(14, 54, 21, 328423), (1034, 558))
(datetime.time(14, 54, 21, 329418), (1033, 558))
(datetime.time(14, 54, 21, 330418), (1033, 557))
(datetime.time(14, 54, 21, 331414), (1032, 557))
(datetime.time(14, 54, 21, 332410), (1032, 557))
(datetime.time(14, 54, 21, 333410), (1031, 557))
(datetime.time(14, 54, 21, 334405), (1031, 557))
(datetime.time(14, 54, 21, 335748), (1030, 557))
(datetime.time(14, 54, 21, 336400), (1029, 557))
(datetime.time(14, 54, 21, 337397), (1029, 556))
(datetime.time(14, 54, 21, 338394), (1028, 556))
(datetime.time(14, 54, 21, 339393), (1028, 556))
(datetime.time(14, 54, 21, 340390), (1027, 556))
(datetime.time(14, 54, 21, 341388), (1026, 556))
(datetime.time(14, 54, 21, 342383), (1026, 555))
(datetime.time(14, 54, 21, 343382), (1025, 555))
(datetime.time(14, 54, 21, 344378), (1025, 555))
(datetime.time(14, 54, 21, 345375), (1024, 555))
(datetime.time(14, 54, 21, 346373), (1023, 554))
(datetime.time(14, 54, 21, 347371), (1023, 554))
(datetime.time(14, 54, 21, 348368), (1022, 554))
(datetime.time(14, 54, 21, 349365), (1021, 554))
(datetime.time(14, 54, 21, 350364), (1021, 554))
(datetime.time(14, 54, 21, 351362), (1020, 553))
(datetime.time(14, 54, 21, 352357), (1020, 553))
(datetime.time(14, 54, 21, 354355), (1019, 553))
(datetime.time(14, 54, 21, 354355), (1018, 553))
(datetime.time(14, 54, 21, 356348), (1017, 553))
(datetime.time(14, 54, 21, 356348), (1017, 552))
(datetime.time(14, 54, 21, 358341), (1015, 552))
(datetime.time(14, 54, 21, 358341), (1015, 552))
(datetime.time(14, 54, 21, 359642), (1014, 551))
(datetime.time(14, 54, 21, 360336), (1013, 551))
(datetime.time(14, 54, 21, 361335), (1013, 551))
(datetime.time(14, 54, 21, 362747), (1011, 550))
(datetime.time(14, 54, 21, 364325), (1011, 550))
(datetime.time(14, 54, 21, 364325), (1010, 550))
(datetime.time(14, 54, 21, 366359), (1009, 550))
(datetime.time(14, 54, 21, 366359), (1008, 549))
(datetime.time(14, 54, 21, 367320), (1008, 549))
(datetime.time(14, 54, 21, 369313), (1007, 549))
(datetime.time(14, 54, 21, 369313), (1006, 549))
(datetime.time(14, 54, 21, 370312), (1005, 548))
(datetime.time(14, 54, 21, 371306), (1003, 548))
(datetime.time(14, 54, 21, 372304), (1002, 548))
(datetime.time(14, 54, 21, 374298), (1002, 548))
(datetime.time(14, 54, 21, 375297), (1001, 547))
(datetime.time(14, 54, 21, 375297), (1000, 547))
(datetime.time(14, 54, 21, 377291), (999, 547))
(datetime.time(14, 54, 21, 377291), (998, 547))
(datetime.time(14, 54, 21, 379292), (997, 547))
(datetime.time(14, 54, 21, 379292), (997, 546))
(datetime.time(14, 54, 21, 380284), (995, 546))
(datetime.time(14, 54, 21, 381280), (994, 546))
(datetime.time(14, 54, 21, 382278), (993, 545))
(datetime.time(14, 54, 21, 384272), (992, 545))
(datetime.time(14, 54, 21, 384272), (991, 545))
(datetime.time(14, 54, 21, 386266), (990, 544))
(datetime.time(14, 54, 21, 386266), (988, 544))
(datetime.time(14, 54, 21, 387265), (987, 544))
(datetime.time(14, 54, 21, 388261), (986, 544))
(datetime.time(14, 54, 21, 390255), (985, 543))
(datetime.time(14, 54, 21, 390255), (984, 543))
(datetime.time(14, 54, 21, 391253), (983, 543))
(datetime.time(14, 54, 21, 392250), (982, 543))
(datetime.time(14, 54, 21, 393248), (981, 543))
(datetime.time(14, 54, 21, 394245), (980, 542))
(datetime.time(14, 54, 21, 396255), (978, 542))
(datetime.time(14, 54, 21, 396255), (977, 541))
(datetime.time(14, 54, 21, 397238), (975, 541))
(datetime.time(14, 54, 21, 398234), (974, 541))
(datetime.time(14, 54, 21, 399233), (973, 541))
(datetime.time(14, 54, 21, 400230), (972, 541))
(datetime.time(14, 54, 21, 401228), (971, 540))
(datetime.time(14, 54, 21, 403222), (970, 540))
(datetime.time(14, 54, 21, 404248), (968, 540))
(datetime.time(14, 54, 21, 404248), (967, 540))
(datetime.time(14, 54, 21, 406213), (966, 540))
(datetime.time(14, 54, 21, 407210), (965, 540))
(datetime.time(14, 54, 21, 408275), (964, 539))
(datetime.time(14, 54, 21, 409206), (963, 539))
(datetime.time(14, 54, 21, 410203), (962, 539))
(datetime.time(14, 54, 21, 410203), (960, 538))
(datetime.time(14, 54, 21, 411201), (958, 538))
(datetime.time(14, 54, 21, 412197), (956, 538))
(datetime.time(14, 54, 21, 414192), (955, 538))
(datetime.time(14, 54, 21, 414192), (954, 538))
(datetime.time(14, 54, 21, 415190), (953, 537))
(datetime.time(14, 54, 21, 417184), (952, 537))
(datetime.time(14, 54, 21, 418213), (951, 537))
(datetime.time(14, 54, 21, 418213), (949, 537))
(datetime.time(14, 54, 21, 419180), (948, 537))
(datetime.time(14, 54, 21, 420177), (947, 536))
(datetime.time(14, 54, 21, 421173), (946, 536))
(datetime.time(14, 54, 21, 423168), (945, 536))
(datetime.time(14, 54, 21, 424173), (944, 536))
(datetime.time(14, 54, 21, 425163), (942, 535))
(datetime.time(14, 54, 21, 426159), (941, 535))
(datetime.time(14, 54, 21, 427159), (940, 535))
(datetime.time(14, 54, 21, 428155), (939, 535))
(datetime.time(14, 54, 21, 429152), (937, 535))
(datetime.time(14, 54, 21, 430149), (936, 535))
(datetime.time(14, 54, 21, 430149), (935, 535))
(datetime.time(14, 54, 21, 431147), (934, 535))
(datetime.time(14, 54, 21, 432144), (933, 535))
(datetime.time(14, 54, 21, 433141), (932, 534))
(datetime.time(14, 54, 21, 435135), (930, 534))
(datetime.time(14, 54, 21, 436248), (929, 534))
(datetime.time(14, 54, 21, 437198), (928, 534))
(datetime.time(14, 54, 21, 438293), (927, 534))
(datetime.time(14, 54, 21, 438293), (926, 534))
(datetime.time(14, 54, 21, 440124), (925, 534))
(datetime.time(14, 54, 21, 440124), (923, 534))
(datetime.time(14, 54, 21, 441120), (922, 534))
(datetime.time(14, 54, 21, 443122), (921, 534))
(datetime.time(14, 54, 21, 444144), (920, 534))
(datetime.time(14, 54, 21, 445203), (919, 533))
(datetime.time(14, 54, 21, 446248), (917, 533))
(datetime.time(14, 54, 21, 447250), (916, 533))
(datetime.time(14, 54, 21, 448241), (914, 533))
(datetime.time(14, 54, 21, 448241), (913, 533))
(datetime.time(14, 54, 21, 450112), (912, 533))
(datetime.time(14, 54, 21, 450112), (912, 533))
(datetime.time(14, 54, 21, 451094), (910, 533))
(datetime.time(14, 54, 21, 452091), (909, 533))
(datetime.time(14, 54, 21, 454086), (908, 533))
(datetime.time(14, 54, 21, 455201), (906, 533))
(datetime.time(14, 54, 21, 455201), (905, 533))
(datetime.time(14, 54, 21, 457122), (904, 533))
(datetime.time(14, 54, 21, 458110), (903, 533))
(datetime.time(14, 54, 21, 459123), (902, 533))
(datetime.time(14, 54, 21, 460145), (901, 533))
(datetime.time(14, 54, 21, 460145), (900, 533))
(datetime.time(14, 54, 21, 461067), (899, 533))
(datetime.time(14, 54, 21, 463123), (898, 533))
(datetime.time(14, 54, 21, 464195), (897, 533))
(datetime.time(14, 54, 21, 464195), (896, 533))
(datetime.time(14, 54, 21, 466122), (895, 533))
(datetime.time(14, 54, 21, 466122), (894, 533))
(datetime.time(14, 54, 21, 468124), (892, 533))
(datetime.time(14, 54, 21, 469176), (891, 533))
(datetime.time(14, 54, 21, 470250), (890, 533))
(datetime.time(14, 54, 21, 470250), (889, 533))
(datetime.time(14, 54, 21, 471040), (888, 533))
(datetime.time(14, 54, 21, 472038), (887, 533))
(datetime.time(14, 54, 21, 474125), (886, 533))
(datetime.time(14, 54, 21, 475165), (885, 533))
(datetime.time(14, 54, 21, 476027), (883, 533))
(datetime.time(14, 54, 21, 477112), (883, 533))
(datetime.time(14, 54, 21, 478122), (882, 533))
(datetime.time(14, 54, 21, 479160), (882, 533))
(datetime.time(14, 54, 21, 480123), (881, 533))
(datetime.time(14, 54, 21, 480123), (879, 533))
(datetime.time(14, 54, 21, 481013), (878, 533))
(datetime.time(14, 54, 21, 483110), (877, 533))
(datetime.time(14, 54, 21, 483110), (876, 533))
(datetime.time(14, 54, 21, 485126), (875, 533))
(datetime.time(14, 54, 21, 486230), (874, 533))
(datetime.time(14, 54, 21, 487181), (874, 533))
(datetime.time(14, 54, 21, 488124), (873, 534))
(datetime.time(14, 54, 21, 488124), (872, 534))
(datetime.time(14, 54, 21, 490125), (871, 534))
(datetime.time(14, 54, 21, 490125), (870, 534))
(datetime.time(14, 54, 21, 490986), (869, 534))
(datetime.time(14, 54, 21, 491984), (868, 534))
(datetime.time(14, 54, 21, 494977), (867, 534))
(datetime.time(14, 54, 21, 496111), (866, 534))
(datetime.time(14, 54, 21, 497227), (866, 534))
(datetime.time(14, 54, 21, 498123), (864, 534))
(datetime.time(14, 54, 21, 498966), (864, 534))
(datetime.time(14, 54, 21, 500124), (863, 535))
(datetime.time(14, 54, 21, 500124), (863, 535))
(datetime.time(14, 54, 21, 501958), (863, 535))
(datetime.time(14, 54, 21, 503121), (862, 535))
(datetime.time(14, 54, 21, 504233), (861, 535))
(datetime.time(14, 54, 21, 505265), (861, 535))
(datetime.time(14, 54, 21, 506113), (860, 535))
(datetime.time(14, 54, 21, 507227), (860, 535))
(datetime.time(14, 54, 21, 508130), (859, 535))
(datetime.time(14, 54, 21, 509122), (859, 535))
(datetime.time(14, 54, 21, 510122), (859, 535))
(datetime.time(14, 54, 21, 510122), (858, 535))
(datetime.time(14, 54, 21, 511931), (858, 535))
(datetime.time(14, 54, 21, 511931), (857, 535))
(datetime.time(14, 54, 21, 514252), (857, 535))
(datetime.time(14, 54, 21, 514924), (856, 535))
(datetime.time(14, 54, 21, 516263), (856, 535))
(datetime.time(14, 54, 21, 516919), (856, 535))
(datetime.time(14, 54, 21, 518258), (855, 536))
(datetime.time(14, 54, 21, 518913), (855, 536))
(datetime.time(14, 54, 21, 520195), (854, 536))
(datetime.time(14, 54, 21, 520907), (854, 536))
(datetime.time(14, 54, 21, 521905), (854, 536))
(datetime.time(14, 54, 21, 523174), (854, 536))
(datetime.time(14, 54, 21, 524258), (853, 536))
(datetime.time(14, 54, 21, 524897), (853, 536))
(datetime.time(14, 54, 21, 526179), (852, 536))
(datetime.time(14, 54, 21, 526891), (852, 536))
(datetime.time(14, 54, 21, 527892), (852, 536))
(datetime.time(14, 54, 21, 529233), (852, 536))
(datetime.time(14, 54, 21, 530304), (851, 536))
(datetime.time(14, 54, 21, 530880), (851, 536))
(datetime.time(14, 54, 21, 531877), (851, 536))
(datetime.time(14, 54, 21, 532874), (850, 536))
(datetime.time(14, 54, 21, 534232), (850, 536))
(datetime.time(14, 54, 21, 534869), (850, 536))
(datetime.time(14, 54, 21, 536177), (850, 536))
(datetime.time(14, 54, 21, 537258), (849, 536))
(datetime.time(14, 54, 21, 537861), (849, 537))
(datetime.time(14, 54, 21, 539264), (849, 537))
(datetime.time(14, 54, 21, 540311), (849, 537))
(datetime.time(14, 54, 21, 540854), (848, 537))
(datetime.time(14, 54, 21, 541866), (848, 537))
(datetime.time(14, 54, 21, 543176), (848, 537))
(datetime.time(14, 54, 21, 545240), (848, 537))
(datetime.time(14, 54, 21, 546284), (847, 537))
(datetime.time(14, 54, 21, 546873), (847, 537))
(datetime.time(14, 54, 21, 548178), (847, 537))
(datetime.time(14, 54, 21, 548832), (847, 537))
(datetime.time(14, 54, 21, 550215), (846, 537))
(datetime.time(14, 54, 21, 550829), (846, 537))
(datetime.time(14, 54, 21, 552823), (846, 537))
(datetime.time(14, 54, 21, 554166), (846, 537))
(datetime.time(14, 54, 21, 555235), (846, 537))
(datetime.time(14, 54, 21, 556289), (845, 537))
(datetime.time(14, 54, 21, 558157), (845, 537))
(datetime.time(14, 54, 21, 560237), (845, 537))
(datetime.time(14, 54, 21, 563150), (844, 537))
(datetime.time(14, 54, 21, 564872), (844, 537))
(datetime.time(14, 54, 21, 568173), (844, 538))
(datetime.time(14, 54, 21, 568819), (844, 538))
(datetime.time(14, 54, 21, 576118), (844, 538))
(datetime.time(14, 54, 21, 627797), (843, 538))
(datetime.time(14, 54, 21, 628406), (843, 538))
(datetime.time(14, 54, 21, 634389), (843, 538))
(datetime.time(14, 54, 21, 635386), (843, 538))
(datetime.time(14, 54, 21, 637086), (843, 539))
(datetime.time(14, 54, 21, 637457), (843, 539))
(datetime.time(14, 54, 21, 640535), (843, 539))
(datetime.time(14, 54, 21, 641451), (842, 539))
(datetime.time(14, 54, 21, 642447), (842, 539))
(datetime.time(14, 54, 21, 645442), (842, 539))
(datetime.time(14, 54, 21, 646438), (842, 539))
(datetime.time(14, 54, 21, 647774), (842, 539))
(datetime.time(14, 54, 21, 648432), (842, 540))
(datetime.time(14, 54, 21, 650429), (842, 540))
(datetime.time(14, 54, 21, 651424), (842, 540))
(datetime.time(14, 54, 21, 653778), (841, 540))
(datetime.time(14, 54, 21, 654417), (841, 540))
(datetime.time(14, 54, 21, 657773), (841, 541))
(datetime.time(14, 54, 21, 659555), (841, 541))
(datetime.time(14, 54, 21, 660403), (841, 541))
(datetime.time(14, 54, 21, 663771), (840, 541))
(datetime.time(14, 54, 21, 666427), (840, 541))
(datetime.time(14, 54, 21, 669863), (840, 541))
(datetime.time(14, 54, 21, 670420), (840, 542))
(datetime.time(14, 54, 21, 672412), (840, 542))
(datetime.time(14, 54, 21, 675445), (840, 542))
(datetime.time(14, 54, 21, 676440), (839, 542))
(datetime.time(14, 54, 21, 676440), (839, 542))
(datetime.time(14, 54, 21, 679789), (839, 542))
(datetime.time(14, 54, 21, 680395), (839, 543))
(datetime.time(14, 54, 21, 682759), (839, 543))
(datetime.time(14, 54, 21, 684738), (838, 543))
(datetime.time(14, 54, 21, 686764), (838, 543))
(datetime.time(14, 54, 21, 688135), (838, 543))
(datetime.time(14, 54, 21, 690157), (838, 543))
(datetime.time(14, 54, 21, 690757), (838, 543))
(datetime.time(14, 54, 21, 691797), (838, 544))
(datetime.time(14, 54, 21, 694105), (838, 544))
(datetime.time(14, 54, 21, 696120), (838, 544))
(datetime.time(14, 54, 21, 697174), (837, 544))
(datetime.time(14, 54, 21, 697739), (837, 544))
(datetime.time(14, 54, 21, 699106), (837, 544))
(datetime.time(14, 54, 21, 700731), (837, 545))
(datetime.time(14, 54, 21, 703109), (836, 545))
(datetime.time(14, 54, 21, 705065), (836, 545))
(datetime.time(14, 54, 21, 707100), (836, 545))
(datetime.time(14, 54, 21, 708162), (836, 545))
(datetime.time(14, 54, 21, 709170), (836, 546))
(datetime.time(14, 54, 21, 710384), (835, 546))
(datetime.time(14, 54, 21, 711334), (835, 546))
(datetime.time(14, 54, 21, 713798), (835, 546))
(datetime.time(14, 54, 21, 714873), (835, 546))
(datetime.time(14, 54, 21, 715874), (835, 547))
(datetime.time(14, 54, 21, 717267), (834, 547))
(datetime.time(14, 54, 21, 717869), (834, 547))
(datetime.time(14, 54, 21, 719182), (834, 547))
(datetime.time(14, 54, 21, 720260), (834, 547))
(datetime.time(14, 54, 21, 721857), (834, 547))
(datetime.time(14, 54, 21, 723181), (833, 548))
(datetime.time(14, 54, 21, 725191), (833, 548))
(datetime.time(14, 54, 21, 727211), (833, 548))
(datetime.time(14, 54, 21, 728301), (832, 549))
(datetime.time(14, 54, 21, 730171), (832, 549))
(datetime.time(14, 54, 21, 730834), (832, 549))
(datetime.time(14, 54, 21, 731831), (832, 549))
(datetime.time(14, 54, 21, 732828), (832, 549))
(datetime.time(14, 54, 21, 733827), (831, 549))
(datetime.time(14, 54, 21, 734824), (831, 549))
(datetime.time(14, 54, 21, 736178), (831, 550))
(datetime.time(14, 54, 21, 736819), (831, 550))
(datetime.time(14, 54, 21, 739171), (830, 550))
(datetime.time(14, 54, 21, 739811), (830, 551))
(datetime.time(14, 54, 21, 740808), (830, 551))
(datetime.time(14, 54, 21, 741806), (830, 551))
(datetime.time(14, 54, 21, 743162), (830, 551))
(datetime.time(14, 54, 21, 744245), (829, 551))
(datetime.time(14, 54, 21, 744797), (829, 551))
(datetime.time(14, 54, 21, 746183), (829, 551))
(datetime.time(14, 54, 21, 747245), (829, 552))
(datetime.time(14, 54, 21, 747788), (828, 552))
(datetime.time(14, 54, 21, 748787), (828, 552))
(datetime.time(14, 54, 21, 749784), (828, 552))
(datetime.time(14, 54, 21, 750780), (828, 553))
(datetime.time(14, 54, 21, 751778), (828, 553))
(datetime.time(14, 54, 21, 752775), (827, 553))
(datetime.time(14, 54, 21, 753773), (827, 553))
(datetime.time(14, 54, 21, 755121), (827, 553))
(datetime.time(14, 54, 21, 756214), (827, 553))
(datetime.time(14, 54, 21, 756766), (826, 553))
(datetime.time(14, 54, 21, 757763), (826, 554))
(datetime.time(14, 54, 21, 759182), (826, 554))
(datetime.time(14, 54, 21, 760216), (826, 554))
(datetime.time(14, 54, 21, 761790), (826, 555))
(datetime.time(14, 54, 21, 763126), (825, 555))
(datetime.time(14, 54, 21, 763787), (825, 555))
(datetime.time(14, 54, 21, 764790), (825, 555))
(datetime.time(14, 54, 21, 765745), (825, 555))
(datetime.time(14, 54, 21, 767085), (824, 555))
(datetime.time(14, 54, 21, 767736), (824, 556))
(datetime.time(14, 54, 21, 770114), (824, 556))
(datetime.time(14, 54, 21, 770728), (824, 556))
(datetime.time(14, 54, 21, 771762), (824, 556))
(datetime.time(14, 54, 21, 772723), (823, 557))
(datetime.time(14, 54, 21, 774130), (823, 557))
(datetime.time(14, 54, 21, 775167), (823, 557))
(datetime.time(14, 54, 21, 776187), (823, 557))
(datetime.time(14, 54, 21, 777189), (823, 557))
(datetime.time(14, 54, 21, 777710), (822, 557))
(datetime.time(14, 54, 21, 780089), (822, 558))
(datetime.time(14, 54, 21, 781737), (822, 558))
(datetime.time(14, 54, 21, 783035), (822, 558))
(datetime.time(14, 54, 21, 783735), (822, 558))
(datetime.time(14, 54, 21, 785075), (821, 558))
(datetime.time(14, 54, 21, 785688), (821, 559))
(datetime.time(14, 54, 21, 786685), (821, 559))
(datetime.time(14, 54, 21, 788679), (821, 559))
(datetime.time(14, 54, 21, 789677), (821, 559))
(datetime.time(14, 54, 21, 790674), (821, 559))
(datetime.time(14, 54, 21, 791672), (820, 559))
(datetime.time(14, 54, 21, 792668), (820, 560))
(datetime.time(14, 54, 21, 793667), (820, 560))
(datetime.time(14, 54, 21, 795694), (820, 560))
(datetime.time(14, 54, 21, 797008), (820, 560))
(datetime.time(14, 54, 21, 798689), (820, 560))
(datetime.time(14, 54, 21, 799651), (820, 561))
(datetime.time(14, 54, 21, 801645), (820, 561))
(datetime.time(14, 54, 21, 803010), (819, 561))
(datetime.time(14, 54, 21, 803640), (819, 561))
(datetime.time(14, 54, 21, 805990), (819, 561))
(datetime.time(14, 54, 21, 807063), (819, 561))
(datetime.time(14, 54, 21, 808087), (819, 562))
(datetime.time(14, 54, 21, 809971), (819, 562))
(datetime.time(14, 54, 21, 812656), (819, 562))
(datetime.time(14, 54, 21, 814757), (818, 563))
(datetime.time(14, 54, 21, 816968), (818, 563))
(datetime.time(14, 54, 21, 818998), (818, 563))
(datetime.time(14, 54, 21, 819598), (818, 563))
(datetime.time(14, 54, 21, 821591), (818, 563))
(datetime.time(14, 54, 21, 824647), (818, 564))
(datetime.time(14, 54, 21, 826641), (818, 564))
(datetime.time(14, 54, 21, 829633), (818, 564))
(datetime.time(14, 54, 21, 831566), (818, 565))
(datetime.time(14, 54, 21, 835973), (818, 565))
(datetime.time(14, 54, 21, 838948), (817, 565))
(datetime.time(14, 54, 21, 841576), (817, 565))
(datetime.time(14, 54, 21, 846907), (817, 566))
(datetime.time(14, 54, 21, 851511), (817, 566))
(datetime.time(14, 54, 21, 853506), (817, 566))
(datetime.time(14, 54, 22, 32251), (817, 566))
(datetime.time(14, 54, 22, 40440), (817, 566))
(datetime.time(14, 54, 22, 43194), (817, 566))
(datetime.time(14, 54, 22, 46331), (817, 566))
(datetime.time(14, 54, 22, 49325), (817, 566))
(datetime.time(14, 54, 22, 51164), (817, 565))
(datetime.time(14, 54, 22, 54288), (817, 565))
(datetime.time(14, 54, 22, 56584), (817, 565))
(datetime.time(14, 54, 22, 60259), (817, 564))
(datetime.time(14, 54, 22, 64294), (817, 564))
(datetime.time(14, 54, 22, 68312), (817, 564))
(datetime.time(14, 54, 22, 74285), (817, 564))
(datetime.time(14, 54, 22, 582220), (817, 564))
(datetime.time(14, 54, 22, 588908), (817, 564))
(datetime.time(14, 54, 22, 592974), (817, 564))
(datetime.time(14, 54, 22, 596550), (817, 564))
(datetime.time(14, 54, 22, 598542), (817, 564))
(datetime.time(14, 54, 22, 602904), (818, 564))
(datetime.time(14, 54, 22, 604871), (818, 564))
(datetime.time(14, 54, 22, 608189), (818, 564))
(datetime.time(14, 54, 22, 610366), (819, 564))
(datetime.time(14, 54, 22, 613304), (819, 564))
(datetime.time(14, 54, 22, 614221), (819, 564))
(datetime.time(14, 54, 22, 617326), (819, 564))
(datetime.time(14, 54, 22, 619318), (820, 564))
(datetime.time(14, 54, 22, 622238), (820, 564))
(datetime.time(14, 54, 22, 624324), (820, 564))
(datetime.time(14, 54, 22, 627324), (821, 564))
(datetime.time(14, 54, 22, 630338), (821, 564))
(datetime.time(14, 54, 22, 632130), (821, 564))
(datetime.time(14, 54, 22, 635266), (821, 564))
(datetime.time(14, 54, 22, 639026), (822, 564))
(datetime.time(14, 54, 22, 643042), (822, 564))
(datetime.time(14, 54, 22, 645030), (822, 564))
(datetime.time(14, 54, 22, 648639), (823, 564))
(datetime.time(14, 54, 22, 651629), (823, 564))
(datetime.time(14, 54, 22, 656989), (823, 564))
(datetime.time(14, 54, 22, 660607), (823, 564))
(datetime.time(14, 54, 22, 664595), (824, 564))
(datetime.time(14, 54, 22, 668979), (824, 564))
(datetime.time(14, 54, 22, 670033), (824, 564))
(datetime.time(14, 54, 22, 672928), (824, 564))
(datetime.time(14, 54, 22, 676923), (825, 564))
(datetime.time(14, 54, 22, 680555), (825, 564))
(datetime.time(14, 54, 22, 684950), (825, 564))
(datetime.time(14, 54, 22, 688909), (825, 564))
(datetime.time(14, 54, 22, 689971), (825, 564))
(datetime.time(14, 54, 22, 691521), (826, 564))
(datetime.time(14, 54, 22, 695513), (826, 564))
(datetime.time(14, 54, 22, 696510), (826, 564))
(datetime.time(14, 54, 22, 697509), (826, 564))
(datetime.time(14, 54, 22, 699544), (827, 564))
(datetime.time(14, 54, 22, 700498), (827, 564))
(datetime.time(14, 54, 22, 702874), (827, 564))
(datetime.time(14, 54, 22, 704885), (827, 565))
(datetime.time(14, 54, 22, 705488), (828, 565))
(datetime.time(14, 54, 22, 707896), (828, 565))
(datetime.time(14, 54, 22, 708930), (828, 565))
(datetime.time(14, 54, 22, 709944), (829, 565))
(datetime.time(14, 54, 22, 710579), (829, 566))
(datetime.time(14, 54, 22, 711563), (829, 566))
(datetime.time(14, 54, 22, 712559), (829, 566))
(datetime.time(14, 54, 22, 713556), (829, 566))
(datetime.time(14, 54, 22, 714968), (830, 566))
(datetime.time(14, 54, 22, 715553), (830, 567))
(datetime.time(14, 54, 22, 716550), (830, 567))
(datetime.time(14, 54, 22, 717941), (830, 567))
(datetime.time(14, 54, 22, 718979), (831, 567))
(datetime.time(14, 54, 22, 719542), (831, 568))
(datetime.time(14, 54, 22, 720539), (831, 568))
(datetime.time(14, 54, 22, 721536), (831, 568))
(datetime.time(14, 54, 22, 722535), (832, 568))
(datetime.time(14, 54, 22, 723531), (832, 568))
(datetime.time(14, 54, 22, 724531), (832, 569))
(datetime.time(14, 54, 22, 725527), (833, 569))
(datetime.time(14, 54, 22, 726522), (833, 569))
(datetime.time(14, 54, 22, 727520), (833, 569))
(datetime.time(14, 54, 22, 728518), (833, 570))
(datetime.time(14, 54, 22, 729515), (834, 570))
(datetime.time(14, 54, 22, 730512), (834, 570))
(datetime.time(14, 54, 22, 731511), (834, 571))
(datetime.time(14, 54, 22, 732507), (835, 571))
(datetime.time(14, 54, 22, 733508), (835, 571))
(datetime.time(14, 54, 22, 734501), (835, 571))
(datetime.time(14, 54, 22, 735500), (835, 572))
(datetime.time(14, 54, 22, 736498), (836, 572))
(datetime.time(14, 54, 22, 737529), (836, 572))
(datetime.time(14, 54, 22, 738491), (837, 573))
(datetime.time(14, 54, 22, 739489), (837, 573))
(datetime.time(14, 54, 22, 740485), (838, 573))
(datetime.time(14, 54, 22, 741482), (838, 574))
(datetime.time(14, 54, 22, 742481), (838, 574))
(datetime.time(14, 54, 22, 743896), (838, 574))
(datetime.time(14, 54, 22, 744932), (839, 575))
(datetime.time(14, 54, 22, 745473), (839, 575))
(datetime.time(14, 54, 22, 747942), (840, 576))
(datetime.time(14, 54, 22, 748465), (840, 576))
(datetime.time(14, 54, 22, 749461), (841, 576))
(datetime.time(14, 54, 22, 750460), (841, 577))
(datetime.time(14, 54, 22, 751456), (842, 577))
(datetime.time(14, 54, 22, 752453), (842, 577))
(datetime.time(14, 54, 22, 753451), (842, 578))
(datetime.time(14, 54, 22, 754447), (843, 579))
(datetime.time(14, 54, 22, 755446), (843, 579))
(datetime.time(14, 54, 22, 756887), (844, 580))
(datetime.time(14, 54, 22, 758439), (844, 580))
(datetime.time(14, 54, 22, 759436), (845, 581))
(datetime.time(14, 54, 22, 759436), (845, 581))
(datetime.time(14, 54, 22, 760434), (846, 582))
(datetime.time(14, 54, 22, 761429), (846, 582))
(datetime.time(14, 54, 22, 763425), (846, 582))
(datetime.time(14, 54, 22, 763425), (847, 583))
(datetime.time(14, 54, 22, 764420), (847, 584))
(datetime.time(14, 54, 22, 765419), (848, 584))
(datetime.time(14, 54, 22, 766418), (848, 585))
(datetime.time(14, 54, 22, 767448), (849, 586))
(datetime.time(14, 54, 22, 768412), (849, 587))
(datetime.time(14, 54, 22, 769408), (850, 587))
(datetime.time(14, 54, 22, 770407), (850, 588))
(datetime.time(14, 54, 22, 771403), (851, 589))
(datetime.time(14, 54, 22, 772400), (851, 589))
(datetime.time(14, 54, 22, 774395), (852, 590))
(datetime.time(14, 54, 22, 774395), (852, 590))
(datetime.time(14, 54, 22, 776390), (853, 591))
(datetime.time(14, 54, 22, 776390), (853, 592))
(datetime.time(14, 54, 22, 777425), (854, 593))
(datetime.time(14, 54, 22, 779381), (854, 594))
(datetime.time(14, 54, 22, 779381), (855, 594))
(datetime.time(14, 54, 22, 780378), (856, 595))
(datetime.time(14, 54, 22, 781375), (856, 596))
(datetime.time(14, 54, 22, 783372), (857, 598))
(datetime.time(14, 54, 22, 783372), (858, 599))
(datetime.time(14, 54, 22, 785366), (859, 600))
(datetime.time(14, 54, 22, 785366), (859, 601))
(datetime.time(14, 54, 22, 787361), (860, 602))
(datetime.time(14, 54, 22, 787361), (861, 603))
(datetime.time(14, 54, 22, 789355), (861, 605))
(datetime.time(14, 54, 22, 789355), (862, 606))
(datetime.time(14, 54, 22, 790354), (862, 606))
(datetime.time(14, 54, 22, 791349), (863, 607))
(datetime.time(14, 54, 22, 792349), (863, 608))
(datetime.time(14, 54, 22, 793345), (864, 609))
(datetime.time(14, 54, 22, 794342), (865, 611))
(datetime.time(14, 54, 22, 795338), (865, 612))
(datetime.time(14, 54, 22, 796336), (866, 613))
(datetime.time(14, 54, 22, 798331), (867, 614))
(datetime.time(14, 54, 22, 798331), (867, 615))
(datetime.time(14, 54, 22, 799328), (868, 616))
(datetime.time(14, 54, 22, 800331), (869, 618))
(datetime.time(14, 54, 22, 801322), (869, 619))
(datetime.time(14, 54, 22, 802322), (870, 620))
(datetime.time(14, 54, 22, 804316), (870, 621))
(datetime.time(14, 54, 22, 804316), (871, 623))
(datetime.time(14, 54, 22, 806311), (872, 625))
(datetime.time(14, 54, 22, 806311), (873, 626))
(datetime.time(14, 54, 22, 808303), (873, 628))
(datetime.time(14, 54, 22, 808303), (874, 629))
(datetime.time(14, 54, 22, 809301), (875, 630))
(datetime.time(14, 54, 22, 810300), (875, 631))
(datetime.time(14, 54, 22, 811333), (876, 633))
(datetime.time(14, 54, 22, 812319), (876, 634))
(datetime.time(14, 54, 22, 813318), (876, 634))
(datetime.time(14, 54, 22, 814656), (877, 636))
(datetime.time(14, 54, 22, 815310), (878, 637))
(datetime.time(14, 54, 22, 817307), (878, 639))
(datetime.time(14, 54, 22, 817307), (879, 640))
(datetime.time(14, 54, 22, 819300), (880, 641))
(datetime.time(14, 54, 22, 819300), (880, 642))
(datetime.time(14, 54, 22, 820298), (881, 644))
(datetime.time(14, 54, 22, 822293), (881, 646))
(datetime.time(14, 54, 22, 822293), (882, 647))
(datetime.time(14, 54, 22, 824287), (882, 649))
(datetime.time(14, 54, 22, 824287), (883, 650))
(datetime.time(14, 54, 22, 826281), (883, 651))
(datetime.time(14, 54, 22, 827304), (884, 653))
(datetime.time(14, 54, 22, 827304), (885, 656))
(datetime.time(14, 54, 22, 828276), (885, 657))
(datetime.time(14, 54, 22, 830270), (886, 658))
(datetime.time(14, 54, 22, 830270), (886, 659))
(datetime.time(14, 54, 22, 831268), (887, 661))
(datetime.time(14, 54, 22, 832267), (887, 662))
(datetime.time(14, 54, 22, 833263), (887, 663))
(datetime.time(14, 54, 22, 834261), (888, 665))
(datetime.time(14, 54, 22, 835258), (888, 666))
(datetime.time(14, 54, 22, 837253), (889, 668))
(datetime.time(14, 54, 22, 837253), (889, 671))
(datetime.time(14, 54, 22, 838250), (890, 672))
(datetime.time(14, 54, 22, 840244), (890, 673))
(datetime.time(14, 54, 22, 840244), (890, 675))
(datetime.time(14, 54, 22, 842240), (891, 676))
(datetime.time(14, 54, 22, 842240), (892, 679))
(datetime.time(14, 54, 22, 844233), (892, 680))
(datetime.time(14, 54, 22, 844233), (892, 682))
(datetime.time(14, 54, 22, 846228), (892, 683))
(datetime.time(14, 54, 22, 846228), (893, 684))
(datetime.time(14, 54, 22, 847227), (893, 686))
(datetime.time(14, 54, 22, 848223), (894, 687))
(datetime.time(14, 54, 22, 849220), (895, 690))
(datetime.time(14, 54, 22, 850219), (895, 691))
(datetime.time(14, 54, 22, 851215), (895, 693))
(datetime.time(14, 54, 22, 853209), (895, 694))
(datetime.time(14, 54, 22, 853209), (896, 695))
(datetime.time(14, 54, 22, 854209), (896, 696))
(datetime.time(14, 54, 22, 856237), (896, 698))
(datetime.time(14, 54, 22, 856237), (896, 700))
(datetime.time(14, 54, 22, 857201), (896, 700))
(datetime.time(14, 54, 22, 859193), (897, 702))
(datetime.time(14, 54, 22, 859193), (897, 705))
(datetime.time(14, 54, 22, 860192), (898, 707))
(datetime.time(14, 54, 22, 862241), (898, 708))
(datetime.time(14, 54, 22, 862241), (898, 709))
(datetime.time(14, 54, 22, 863183), (898, 711))
(datetime.time(14, 54, 22, 864182), (898, 711))
(datetime.time(14, 54, 22, 865177), (898, 713))
(datetime.time(14, 54, 22, 866176), (898, 714))
(datetime.time(14, 54, 22, 867173), (899, 718))
(datetime.time(14, 54, 22, 868170), (899, 719))
(datetime.time(14, 54, 22, 869167), (899, 721))
(datetime.time(14, 54, 22, 870164), (899, 722))
(datetime.time(14, 54, 22, 872173), (899, 722))
(datetime.time(14, 54, 22, 873165), (900, 724))
(datetime.time(14, 54, 22, 873165), (900, 725))
(datetime.time(14, 54, 22, 875224), (900, 727))
(datetime.time(14, 54, 22, 875224), (900, 728))
(datetime.time(14, 54, 22, 877253), (900, 729))
(datetime.time(14, 54, 22, 877253), (900, 731))
(datetime.time(14, 54, 22, 879257), (900, 733))
(datetime.time(14, 54, 22, 879257), (900, 735))
(datetime.time(14, 54, 22, 880138), (900, 736))
(datetime.time(14, 54, 22, 882140), (901, 737))
(datetime.time(14, 54, 22, 883134), (901, 739))
(datetime.time(14, 54, 22, 884129), (901, 740))
(datetime.time(14, 54, 22, 885131), (901, 741))
(datetime.time(14, 54, 22, 885131), (901, 744))
(datetime.time(14, 54, 22, 886122), (901, 746))
(datetime.time(14, 54, 22, 887121), (901, 747))
(datetime.time(14, 54, 22, 888117), (901, 748))
(datetime.time(14, 54, 22, 889114), (902, 749))
(datetime.time(14, 54, 22, 891111), (902, 751))
(datetime.time(14, 54, 22, 892106), (902, 752))
(datetime.time(14, 54, 22, 892106), (902, 752))
(datetime.time(14, 54, 22, 894184), (902, 754))
(datetime.time(14, 54, 22, 894184), (902, 755))
(datetime.time(14, 54, 22, 896232), (902, 757))
(datetime.time(14, 54, 22, 896232), (902, 758))
(datetime.time(14, 54, 22, 898092), (902, 759))
(datetime.time(14, 54, 22, 899102), (902, 760))
(datetime.time(14, 54, 22, 900088), (902, 761))
(datetime.time(14, 54, 22, 901087), (902, 762))
(datetime.time(14, 54, 22, 901087), (902, 763))
(datetime.time(14, 54, 22, 902080), (902, 765))
(datetime.time(14, 54, 22, 903078), (902, 766))
(datetime.time(14, 54, 22, 904074), (903, 767))
(datetime.time(14, 54, 22, 906077), (903, 767))
(datetime.time(14, 54, 22, 906077), (903, 768))
(datetime.time(14, 54, 22, 908248), (903, 769))
(datetime.time(14, 54, 22, 908248), (903, 769))
(datetime.time(14, 54, 22, 910180), (903, 771))
(datetime.time(14, 54, 22, 910180), (903, 771))
(datetime.time(14, 54, 22, 911614), (903, 772))
(datetime.time(14, 54, 22, 912602), (903, 772))
(datetime.time(14, 54, 22, 913601), (903, 773))
(datetime.time(14, 54, 22, 914597), (903, 773))
(datetime.time(14, 54, 22, 915601), (903, 774))
(datetime.time(14, 54, 22, 917604), (904, 774))
(datetime.time(14, 54, 22, 918600), (904, 774))
(datetime.time(14, 54, 22, 918600), (904, 775))
(datetime.time(14, 54, 22, 919584), (904, 775))
(datetime.time(14, 54, 22, 920582), (904, 775))
(datetime.time(14, 54, 22, 921598), (904, 776))
(datetime.time(14, 54, 22, 922575), (904, 776))
(datetime.time(14, 54, 22, 924935), (904, 776))
(datetime.time(14, 54, 22, 926012), (904, 776))
(datetime.time(14, 54, 22, 927936), (904, 777))
(datetime.time(14, 54, 22, 930561), (904, 777))
(datetime.time(14, 54, 22, 934547), (904, 777))
(datetime.time(14, 54, 23, 236753), (904, 778))
(datetime.time(14, 54, 23, 237357), (904, 778))
(datetime.time(14, 54, 23, 240515), (904, 778))
(datetime.time(14, 54, 23, 244346), (904, 778))
(datetime.time(14, 54, 23, 245332), (905, 778))
(datetime.time(14, 54, 23, 246735), (905, 778))
(datetime.time(14, 54, 23, 248619), (905, 779))
(datetime.time(14, 54, 23, 252702), (905, 779))
(datetime.time(14, 54, 23, 254310), (905, 779))
(datetime.time(14, 54, 23, 256691), (905, 779))
(datetime.time(14, 54, 23, 259678), (905, 779))
(datetime.time(14, 54, 23, 262288), (905, 780))
(datetime.time(14, 54, 23, 263554), (906, 780))
(datetime.time(14, 54, 23, 265282), (906, 780))
(datetime.time(14, 54, 23, 267653), (906, 780))
(datetime.time(14, 54, 23, 269274), (906, 780))
(datetime.time(14, 54, 23, 270445), (906, 780))
(datetime.time(14, 54, 23, 273258), (906, 780))
(datetime.time(14, 54, 23, 276679), (907, 780))
(datetime.time(14, 54, 23, 277250), (907, 781))
(datetime.time(14, 54, 23, 278245), (907, 781))
(datetime.time(14, 54, 23, 280239), (907, 781))
(datetime.time(14, 54, 23, 282242), (907, 781))
(datetime.time(14, 54, 23, 285226), (908, 781))
(datetime.time(14, 54, 23, 287227), (908, 781))
(datetime.time(14, 54, 23, 289333), (908, 781))
(datetime.time(14, 54, 23, 290356), (908, 782))
(datetime.time(14, 54, 23, 293212), (908, 782))
(datetime.time(14, 54, 23, 294289), (909, 782))
(datetime.time(14, 54, 23, 296221), (909, 782))
(datetime.time(14, 54, 23, 296221), (909, 782))
(datetime.time(14, 54, 23, 298318), (909, 782))
(datetime.time(14, 54, 23, 299189), (909, 782))
(datetime.time(14, 54, 23, 300188), (910, 782))
(datetime.time(14, 54, 23, 304339), (910, 782))
(datetime.time(14, 54, 23, 306306), (910, 782))
(datetime.time(14, 54, 23, 307335), (910, 782))
(datetime.time(14, 54, 23, 308557), (910, 782))
(datetime.time(14, 54, 23, 311159), (911, 782))
(datetime.time(14, 54, 23, 314192), (911, 782))
(datetime.time(14, 54, 23, 315154), (911, 783))
(datetime.time(14, 54, 23, 318298), (911, 783))
(datetime.time(14, 54, 23, 322200), (912, 783))
(datetime.time(14, 54, 23, 325305), (912, 783))
(datetime.time(14, 54, 23, 333137), (912, 783))
(datetime.time(14, 54, 23, 355271), (912, 783))
(datetime.time(14, 54, 23, 358348), (912, 783))
(datetime.time(14, 54, 23, 360334), (912, 783))
(datetime.time(14, 54, 23, 360334), (912, 783))
(datetime.time(14, 54, 23, 363258), (913, 782))
(datetime.time(14, 54, 23, 364019), (913, 782))
(datetime.time(14, 54, 23, 365013), (913, 782))
(datetime.time(14, 54, 23, 365013), (913, 781))
(datetime.time(14, 54, 23, 367233), (913, 781))
(datetime.time(14, 54, 23, 368298), (913, 781))
(datetime.time(14, 54, 23, 369326), (913, 780))
(datetime.time(14, 54, 23, 370003), (913, 780))
(datetime.time(14, 54, 23, 370003), (914, 779))
(datetime.time(14, 54, 23, 370997), (914, 779))
(datetime.time(14, 54, 23, 373211), (914, 778))
(datetime.time(14, 54, 23, 373990), (914, 777))
(datetime.time(14, 54, 23, 375250), (914, 777))
(datetime.time(14, 54, 23, 376306), (914, 777))
(datetime.time(14, 54, 23, 376982), (915, 776))
(datetime.time(14, 54, 23, 378325), (915, 776))
(datetime.time(14, 54, 23, 379318), (915, 775))
(datetime.time(14, 54, 23, 379974), (915, 774))
(datetime.time(14, 54, 23, 380970), (915, 774))
(datetime.time(14, 54, 23, 382004), (915, 773))
(datetime.time(14, 54, 23, 382966), (915, 771))
(datetime.time(14, 54, 23, 383961), (916, 771))
(datetime.time(14, 54, 23, 385251), (916, 770))
(datetime.time(14, 54, 23, 385960), (916, 770))
(datetime.time(14, 54, 23, 387181), (916, 769))
(datetime.time(14, 54, 23, 387954), (916, 768))
(datetime.time(14, 54, 23, 389261), (916, 767))
(datetime.time(14, 54, 23, 389947), (916, 767))
(datetime.time(14, 54, 23, 390943), (916, 765))
(datetime.time(14, 54, 23, 391941), (916, 765))
(datetime.time(14, 54, 23, 393206), (916, 763))
(datetime.time(14, 54, 23, 393937), (916, 762))
(datetime.time(14, 54, 23, 395262), (916, 761))
(datetime.time(14, 54, 23, 395931), (917, 760))
(datetime.time(14, 54, 23, 396928), (917, 759))
(datetime.time(14, 54, 23, 397924), (917, 758))
(datetime.time(14, 54, 23, 398922), (917, 757))
(datetime.time(14, 54, 23, 399921), (917, 756))
(datetime.time(14, 54, 23, 400917), (917, 755))
(datetime.time(14, 54, 23, 402247), (917, 754))
(datetime.time(14, 54, 23, 402911), (917, 753))
(datetime.time(14, 54, 23, 404269), (917, 752))
(datetime.time(14, 54, 23, 404907), (917, 750))
(datetime.time(14, 54, 23, 406268), (917, 749))
(datetime.time(14, 54, 23, 406908), (917, 748))
(datetime.time(14, 54, 23, 408245), (917, 746))
(datetime.time(14, 54, 23, 408895), (917, 745))
(datetime.time(14, 54, 23, 410257), (917, 744))
(datetime.time(14, 54, 23, 410891), (917, 743))
(datetime.time(14, 54, 23, 411894), (917, 742))
(datetime.time(14, 54, 23, 413229), (917, 741))
(datetime.time(14, 54, 23, 413883), (917, 740))
(datetime.time(14, 54, 23, 414880), (917, 739))
(datetime.time(14, 54, 23, 415881), (917, 736))
(datetime.time(14, 54, 23, 416882), (917, 735))
(datetime.time(14, 54, 23, 418871), (917, 733))
(datetime.time(14, 54, 23, 418871), (917, 732))
(datetime.time(14, 54, 23, 419866), (917, 731))
(datetime.time(14, 54, 23, 420864), (916, 730))
(datetime.time(14, 54, 23, 421860), (916, 729))
(datetime.time(14, 54, 23, 422859), (916, 727))
(datetime.time(14, 54, 23, 423856), (916, 726))
(datetime.time(14, 54, 23, 425174), (916, 724))
(datetime.time(14, 54, 23, 425872), (916, 723))
(datetime.time(14, 54, 23, 427261), (916, 722))
(datetime.time(14, 54, 23, 427872), (915, 721))
(datetime.time(14, 54, 23, 429273), (915, 719))
(datetime.time(14, 54, 23, 429839), (915, 718))
(datetime.time(14, 54, 23, 430849), (915, 717))
(datetime.time(14, 54, 23, 432845), (914, 716))
(datetime.time(14, 54, 23, 432845), (914, 712))
(datetime.time(14, 54, 23, 433830), (914, 711))
(datetime.time(14, 54, 23, 434827), (914, 710))
(datetime.time(14, 54, 23, 435823), (913, 708))
(datetime.time(14, 54, 23, 436821), (913, 706))
(datetime.time(14, 54, 23, 437818), (913, 706))
(datetime.time(14, 54, 23, 438820), (912, 704))
(datetime.time(14, 54, 23, 439812), (912, 703))
(datetime.time(14, 54, 23, 440811), (911, 700))
(datetime.time(14, 54, 23, 442190), (911, 698))
(datetime.time(14, 54, 23, 442850), (911, 696))
(datetime.time(14, 54, 23, 444232), (910, 694))
(datetime.time(14, 54, 23, 444841), (910, 692))
(datetime.time(14, 54, 23, 445797), (909, 690))
(datetime.time(14, 54, 23, 446834), (909, 689))
(datetime.time(14, 54, 23, 447841), (909, 686))
(datetime.time(14, 54, 23, 448795), (908, 685))
(datetime.time(14, 54, 23, 449796), (908, 683))
(datetime.time(14, 54, 23, 451781), (907, 681))
(datetime.time(14, 54, 23, 451781), (907, 679))
(datetime.time(14, 54, 23, 452779), (907, 677))
(datetime.time(14, 54, 23, 453776), (906, 677))
(datetime.time(14, 54, 23, 454791), (906, 675))
(datetime.time(14, 54, 23, 455772), (905, 673))
(datetime.time(14, 54, 23, 457160), (904, 668))
(datetime.time(14, 54, 23, 457767), (904, 667))
(datetime.time(14, 54, 23, 458763), (903, 665))
(datetime.time(14, 54, 23, 460151), (903, 664))
(datetime.time(14, 54, 23, 460759), (902, 662))
(datetime.time(14, 54, 23, 461755), (902, 660))
(datetime.time(14, 54, 23, 463160), (901, 658))
(datetime.time(14, 54, 23, 463750), (900, 654))
(datetime.time(14, 54, 23, 464759), (899, 653))
(datetime.time(14, 54, 23, 465798), (898, 651))
(datetime.time(14, 54, 23, 466741), (897, 648))
(datetime.time(14, 54, 23, 467742), (896, 646))
(datetime.time(14, 54, 23, 468735), (896, 644))
(datetime.time(14, 54, 23, 469733), (896, 643))
(datetime.time(14, 54, 23, 470732), (895, 642))
(datetime.time(14, 54, 23, 471737), (893, 637))
(datetime.time(14, 54, 23, 472792), (892, 636))
(datetime.time(14, 54, 23, 473741), (892, 634))
(datetime.time(14, 54, 23, 474720), (891, 633))
(datetime.time(14, 54, 23, 475718), (890, 631))
(datetime.time(14, 54, 23, 476714), (888, 627))
(datetime.time(14, 54, 23, 478122), (887, 625))
(datetime.time(14, 54, 23, 478748), (887, 623))
(datetime.time(14, 54, 23, 479707), (886, 622))
(datetime.time(14, 54, 23, 480705), (885, 620))
(datetime.time(14, 54, 23, 481706), (883, 617))
(datetime.time(14, 54, 23, 483707), (883, 615))
(datetime.time(14, 54, 23, 484701), (881, 614))
(datetime.time(14, 54, 23, 484701), (880, 612))
(datetime.time(14, 54, 23, 485692), (880, 610))
(datetime.time(14, 54, 23, 486690), (879, 609))
(datetime.time(14, 54, 23, 487695), (879, 608))
(datetime.time(14, 54, 23, 488684), (877, 607))
(datetime.time(14, 54, 23, 489680), (877, 605))
(datetime.time(14, 54, 23, 490678), (875, 603))
(datetime.time(14, 54, 23, 492703), (875, 602))
(datetime.time(14, 54, 23, 492703), (873, 600))
(datetime.time(14, 54, 23, 493670), (871, 598))
(datetime.time(14, 54, 23, 494666), (871, 597))
(datetime.time(14, 54, 23, 496052), (869, 595))
(datetime.time(14, 54, 23, 496684), (869, 594))
(datetime.time(14, 54, 23, 497666), (868, 594))
(datetime.time(14, 54, 23, 499665), (867, 592))
(datetime.time(14, 54, 23, 500656), (866, 591))
(datetime.time(14, 54, 23, 501648), (864, 590))
(datetime.time(14, 54, 23, 501648), (864, 589))
(datetime.time(14, 54, 23, 502645), (863, 588))
(datetime.time(14, 54, 23, 503642), (862, 587))
(datetime.time(14, 54, 23, 504640), (861, 586))
(datetime.time(14, 54, 23, 505637), (861, 585))
(datetime.time(14, 54, 23, 506635), (859, 584))
(datetime.time(14, 54, 23, 507638), (858, 583))
(datetime.time(14, 54, 23, 508635), (858, 582))
(datetime.time(14, 54, 23, 509628), (857, 582))
(datetime.time(14, 54, 23, 510624), (856, 581))
(datetime.time(14, 54, 23, 511620), (855, 580))
(datetime.time(14, 54, 23, 512619), (855, 579))
(datetime.time(14, 54, 23, 513652), (854, 579))
(datetime.time(14, 54, 23, 514618), (853, 578))
(datetime.time(14, 54, 23, 515617), (853, 578))
(datetime.time(14, 54, 23, 517611), (852, 577))
(datetime.time(14, 54, 23, 518602), (851, 576))
(datetime.time(14, 54, 23, 519601), (850, 575))
(datetime.time(14, 54, 23, 520597), (849, 575))
(datetime.time(14, 54, 23, 521596), (849, 574))
(datetime.time(14, 54, 23, 522593), (848, 574))
(datetime.time(14, 54, 23, 523588), (848, 573))
(datetime.time(14, 54, 23, 524586), (847, 573))
(datetime.time(14, 54, 23, 525588), (847, 573))
(datetime.time(14, 54, 23, 526583), (847, 573))
(datetime.time(14, 54, 23, 527620), (846, 572))
(datetime.time(14, 54, 23, 528613), (846, 572))
(datetime.time(14, 54, 23, 529817), (846, 572))
(datetime.time(14, 54, 23, 530573), (845, 571))
(datetime.time(14, 54, 23, 531576), (845, 571))
(datetime.time(14, 54, 23, 533571), (845, 571))
(datetime.time(14, 54, 23, 533571), (845, 571))
(datetime.time(14, 54, 23, 534567), (844, 571))
(datetime.time(14, 54, 23, 535557), (844, 570))
(datetime.time(14, 54, 23, 536555), (844, 570))
(datetime.time(14, 54, 23, 537552), (843, 570))
(datetime.time(14, 54, 23, 538549), (843, 570))
(datetime.time(14, 54, 23, 539607), (843, 569))
(datetime.time(14, 54, 23, 541550), (843, 569))
(datetime.time(14, 54, 23, 542540), (842, 569))
(datetime.time(14, 54, 23, 543860), (842, 569))
(datetime.time(14, 54, 23, 544533), (842, 569))
(datetime.time(14, 54, 23, 546527), (841, 568))
(datetime.time(14, 54, 23, 548613), (841, 568))
(datetime.time(14, 54, 23, 550527), (841, 568))
(datetime.time(14, 54, 23, 551514), (841, 568))
(datetime.time(14, 54, 23, 553509), (841, 567))
(datetime.time(14, 54, 23, 554506), (840, 567))
(datetime.time(14, 54, 23, 558513), (840, 567))
(datetime.time(14, 54, 23, 559493), (840, 567))
(datetime.time(14, 54, 23, 563481), (840, 567))
(datetime.time(14, 54, 23, 564486), (840, 567))
;
;
(datetime.time(14, 54, 23, 805125), (840, 567, 0, 1))
(datetime.time(14, 54, 23, 927111), (840, 567, 0, 1))
;